RESI      R1          R2         NOE         ROE      R2/R1        <S2>        Sconf       TAUE   TMXE    RESN AT1 AT2
2         0.1654E-01  0.1669E-01  -3.935      0.7815E-02   1.009      0.8576     -0.2514E-02     0.49     3.0 ARG      N        HN      
3         0.1715E-01  0.1731E-01  -3.935      0.8106E-02   1.009      0.9042     -0.3338E-02     0.29     3.0 ILE      N        HN      
4         0.1687E-01  0.1703E-01  -3.935      0.7973E-02   1.009      0.8916     -0.3084E-02     0.19     1.8 ILE      N        HN      
5         0.1716E-01  0.1732E-01  -3.935      0.8110E-02   1.009      0.9083     -0.3429E-02     0.19     3.0 LEU      N        HN      
6         0.1663E-01  0.1678E-01  -3.935      0.7860E-02   1.009      0.8523     -0.2437E-02     0.68     3.0 LEU      N        HN      
7         0.1326E-01  0.1338E-01  -3.935      0.6264E-02   1.009      0.6297     -0.4092E-03     0.61     3.0 GLY      N        HN      
8         0.1548E-01  0.1562E-01  -3.935      0.7314E-02   1.009      0.7925     -0.1712E-02     0.46     3.0 ALA      N        HN      
10        0.1332E-01  0.1344E-01  -3.935      0.6293E-02   1.009      0.6819     -0.7626E-03     0.25     1.7 GLY      N        HN      
11        0.1538E-01  0.1552E-01  -3.935      0.7267E-02   1.009      0.7726     -0.1513E-02     0.61     3.0 ALA      N        HN      
12        0.1486E-01  0.1500E-01  -3.935      0.7023E-02   1.009      0.6515     -0.5513E-03     1.20     3.0 GLY      N        HN      
13        0.1525E-01  0.1539E-01  -3.935      0.7206E-02   1.009      0.7559     -0.1357E-02     0.69     3.0 LYS      N        HN      
14        0.1598E-01  0.1612E-01  -3.935      0.7550E-02   1.009      0.8275     -0.2108E-02     0.40     3.0 GLY      N        HN      
15        0.1629E-01  0.1643E-01  -3.935      0.7696E-02   1.009      0.8505     -0.2412E-02     0.34     3.0 THR      N        HN      
16        0.1640E-01  0.1655E-01  -3.935      0.7751E-02   1.009      0.8608     -0.2562E-02     0.27     3.0 GLN      N        HN      
17        0.1688E-01  0.1703E-01  -3.935      0.7976E-02   1.009      0.8893     -0.3041E-02     0.26     3.0 ALA      N        HN      
18        0.1711E-01  0.1726E-01  -3.935      0.8084E-02   1.009      0.9040     -0.3335E-02     0.22     3.0 GLN      N        HN      
19        0.1700E-01  0.1715E-01  -3.935      0.8033E-02   1.009      0.8990     -0.3229E-02     0.19     2.2 PHE      N        HN      
20        0.1707E-01  0.1723E-01  -3.935      0.8067E-02   1.009      0.9012     -0.3275E-02     0.24     3.0 ILE      N        HN      
21        0.1715E-01  0.1730E-01  -3.935      0.8103E-02   1.009      0.9058     -0.3374E-02     0.22     1.9 MET      N        HN      
22        0.1652E-01  0.1667E-01  -3.935      0.7806E-02   1.009      0.8676     -0.2667E-02     0.27     3.0 GLU      N        HN      
23        0.1689E-01  0.1704E-01  -3.935      0.7981E-02   1.009      0.8893     -0.3041E-02     0.27     3.0 LYS      N        HN      
24        0.1676E-01  0.1691E-01  -3.935      0.7918E-02   1.009      0.8797     -0.2867E-02     0.31     3.0 TYR      N        HN      
25        0.1605E-01  0.1620E-01  -3.935      0.7586E-02   1.009      0.8459     -0.2349E-02     0.13     1.4 GLY      N        HN      
26        0.1427E-01  0.1440E-01  -3.935      0.6744E-02   1.009      0.7417     -0.1232E-02     0.21     3.0 ILE      N        HN      
28        0.1562E-01  0.1576E-01  -3.935      0.7380E-02   1.009      0.8230     -0.2054E-02     0.11     1.1 GLN      N        HN      
29        0.1646E-01  0.1662E-01  -3.935      0.7781E-02   1.009      0.8634     -0.2602E-02     0.29     3.0 ILE      N        HN      
30        0.1519E-01  0.1533E-01  -3.935      0.7180E-02   1.009      0.7621     -0.1414E-02     0.59     3.0 SER      N        HN      
31        0.1611E-01  0.1626E-01  -3.935      0.7612E-02   1.009      0.7176     -0.1033E-02     1.48     3.0 THR      N        HN      
32        0.1610E-01  0.1625E-01  -3.935      0.7609E-02   1.009      0.7765     -0.1550E-02     1.08     3.0 GLY      N        HN      
33        0.1609E-01  0.1623E-01  -3.935      0.7602E-02   1.009      0.7755     -0.1541E-02     1.08     3.0 ASP      N        HN      
34        0.1635E-01  0.1650E-01  -3.935      0.7724E-02   1.009      0.7260     -0.1100E-02     1.57     3.0 MET      N        HN      
35        0.1644E-01  0.1659E-01  -3.935      0.7768E-02   1.009      0.7494     -0.1299E-02     1.50     3.0 LEU      N        HN      
36        0.1663E-01  0.1679E-01  -3.935      0.7860E-02   1.009      0.8139     -0.1946E-02     1.15     3.0 ARG      N        HN      
37        0.1641E-01  0.1656E-01  -3.935      0.7755E-02   1.009      0.7773     -0.1559E-02     1.29     3.0 ALA      N        HN      
38        0.1628E-01  0.1643E-01  -3.935      0.7692E-02   1.009      0.7418     -0.1233E-02     1.44     3.0 ALA      N        HN      
39        0.1626E-01  0.1641E-01  -3.935      0.7685E-02   1.009      0.7821     -0.1606E-02     1.15     3.0 VAL      N        HN      
40        0.1624E-01  0.1639E-01  -3.935      0.7676E-02   1.009      0.7994     -0.1785E-02     0.98     3.0 LYS      N        HN      
41        0.1500E-01  0.1514E-01  -3.935      0.7089E-02   1.009      0.6474     -0.5242E-03     1.28     3.0 SER      N        HN      
42        0.1359E-01  0.1372E-01  -3.935      0.6423E-02   1.009      0.6461     -0.5157E-03     0.66     3.0 GLY      N        HN      
43        0.1257E-01  0.1268E-01  -3.935      0.5939E-02   1.009      0.1957      0.1778E-02     1.76     3.0 SER      N        HN      
44        0.1449E-01  0.1463E-01  -3.935      0.6849E-02   1.009      0.4852      0.4079E-03     1.66     3.0 GLU      N        HN      
45        0.1425E-01  0.1438E-01  -3.935      0.6732E-02   1.009      0.3294      0.1155E-02     1.91     3.0 LEU      N        HN      
46        0.1475E-01  0.1489E-01  -3.935      0.6970E-02   1.009      0.2108      0.1706E-02     2.17     3.0 GLY      N        HN      
47        0.1516E-01  0.1529E-01  -3.935      0.7162E-02   1.009      0.5699     -0.4796E-04     1.65     3.0 LYS      N        HN      
48        0.1482E-01  0.1495E-01  -3.935      0.7001E-02   1.009      0.4126      0.7660E-03     1.91     3.0 GLN      N        HN      
49        0.1544E-01  0.1558E-01  -3.935      0.7297E-02   1.009      0.6806     -0.7536E-03     1.32     3.0 ALA      N        HN      
50        0.1553E-01  0.1567E-01  -3.935      0.7340E-02   1.009      0.3789      0.9250E-03     2.15     3.0 LYS      N        HN      
51        0.1521E-01  0.1535E-01  -3.935      0.7188E-02   1.009      0.2403      0.1566E-02     2.24     3.0 ASP      N        HN      
52        0.1537E-01  0.1551E-01  -3.935      0.7264E-02   1.009      0.2742      0.1409E-02     2.24     3.0 ILE      N        HN      
53        0.1551E-01  0.1566E-01  -3.935      0.7332E-02   1.009      0.3288      0.1158E-02     2.21     3.0 MET      N        HN      
54        0.1553E-01  0.1567E-01  -3.935      0.7339E-02   1.009      0.2692      0.1432E-02     2.28     3.0 ASP      N        HN      
55        0.1449E-01  0.1462E-01  -3.935      0.6846E-02   1.009      0.2245      0.1641E-02     2.10     3.0 ALA      N        HN      
56        0.1366E-01  0.1378E-01  -3.935      0.6453E-02   1.009      0.3325      0.1141E-02     1.76     3.0 GLY      N        HN      
57        0.1433E-01  0.1446E-01  -3.935      0.6770E-02   1.009      0.4819      0.4250E-03     1.62     3.0 LYS      N        HN      
58        0.1308E-01  0.1320E-01  -3.935      0.6180E-02   1.009      0.3150      0.1221E-02     1.66     3.0 LEU      N        HN      
59        0.1184E-01  0.1195E-01  -3.935      0.5594E-02   1.009      0.3323      0.1141E-02     1.33     3.0 VAL      N        HN      
60        0.1526E-01  0.1540E-01  -3.935      0.7210E-02   1.009      0.6674     -0.6598E-03     1.30     3.0 THR      N        HN      
61        0.1599E-01  0.1614E-01  -3.935      0.7558E-02   1.009      0.7688     -0.1477E-02     1.07     3.0 ASP      N        HN      
62        0.1626E-01  0.1641E-01  -3.935      0.7686E-02   1.009      0.7938     -0.1726E-02     1.05     3.0 GLU      N        HN      
63        0.1599E-01  0.1614E-01  -3.935      0.7557E-02   1.009      0.7438     -0.1251E-02     1.26     3.0 LEU      N        HN      
64        0.1680E-01  0.1696E-01  -3.935      0.7941E-02   1.009      0.8634     -0.2601E-02     0.69     3.0 VAL      N        HN      
65        0.1701E-01  0.1717E-01  -3.935      0.8039E-02   1.009      0.8719     -0.2736E-02     0.79     3.0 ILE      N        HN      
66        0.1699E-01  0.1714E-01  -3.935      0.8028E-02   1.009      0.8906     -0.3066E-02     0.38     3.0 ALA      N        HN      
67        0.1708E-01  0.1723E-01  -3.935      0.8069E-02   1.009      0.8791     -0.2858E-02     0.75     3.0 LEU      N        HN      
68        0.1725E-01  0.1740E-01  -3.935      0.8150E-02   1.009      0.9056     -0.3370E-02     0.41     3.0 VAL      N        HN      
69        0.1740E-01  0.1756E-01  -3.935      0.8223E-02   1.009      0.9146     -0.3575E-02     0.42     3.0 LYS      N        HN      
70        0.1709E-01  0.1725E-01  -3.935      0.8078E-02   1.009      0.8989     -0.3227E-02     0.34     3.0 GLU      N        HN      
71        0.1692E-01  0.1707E-01  -3.935      0.7995E-02   1.009      0.8841     -0.2944E-02     0.44     3.0 ARG      N        HN      
72        0.1731E-01  0.1747E-01  -3.935      0.8180E-02   1.009      0.9119     -0.3512E-02     0.34     3.0 ILE      N        HN      
73        0.1661E-01  0.1676E-01  -3.935      0.7849E-02   1.009      0.8770     -0.2822E-02     0.17     2.5 ALA      N        HN      
74        0.1515E-01  0.1529E-01  -3.935      0.7161E-02   1.009      0.7986     -0.1776E-02     0.07     0.8 GLN      N        HN      
75        0.1612E-01  0.1626E-01  -3.935      0.7616E-02   1.009      0.8433     -0.2313E-02     0.29     3.0 GLU      N        HN      
76        0.1581E-01  0.1596E-01  -3.935      0.7473E-02   1.009      0.8270     -0.2102E-02     0.25     2.6 ASP      N        HN      
77        0.1558E-01  0.1572E-01  -3.935      0.7363E-02   1.009      0.8124     -0.1929E-02     0.28     3.0 CYS      N        HN      
78        0.1602E-01  0.1616E-01  -3.935      0.7568E-02   1.009      0.8464     -0.2355E-02     0.09     0.9 ARG      N        HN      
79        0.1458E-01  0.1471E-01  -3.935      0.6890E-02   1.009      0.7666     -0.1456E-02     0.09     1.2 ASN      N        HN      
80        0.1418E-01  0.1431E-01  -3.935      0.6699E-02   1.009      0.7433     -0.1246E-02     0.12     2.3 GLY      N        HN      
81        0.1620E-01  0.1635E-01  -3.935      0.7656E-02   1.009      0.8562     -0.2494E-02     0.11     1.5 PHE      N        HN      
82        0.1701E-01  0.1717E-01  -3.935      0.8039E-02   1.009      0.8988     -0.3226E-02     0.20     2.3 LEU      N        HN      
83        0.1679E-01  0.1694E-01  -3.935      0.7933E-02   1.009      0.8794     -0.2861E-02     0.36     3.0 LEU      N        HN      
84        0.1651E-01  0.1666E-01  -3.935      0.7801E-02   1.009      0.8568     -0.2503E-02     0.47     3.0 ASP      N        HN      
85        0.1478E-01  0.1491E-01  -3.935      0.6984E-02   1.009      0.7047     -0.9318E-03     0.83     3.0 GLY      N        HN      
86        0.1611E-01  0.1626E-01  -3.935      0.7615E-02   1.009      0.7959     -0.1748E-02     0.91     3.0 PHE      N        HN      
88        0.1689E-01  0.1704E-01  -3.935      0.7980E-02   1.009      0.8813     -0.2895E-02     0.45     3.0 ARG      N        HN      
89        0.1605E-01  0.1620E-01  -3.935      0.7586E-02   1.009      0.8261     -0.2091E-02     0.49     3.0 THR      N        HN      
90        0.1674E-01  0.1689E-01  -3.935      0.7911E-02   1.009      0.8593     -0.2539E-02     0.68     3.0 ILE      N        HN      
92        0.1670E-01  0.1685E-01  -3.935      0.7892E-02   1.009      0.8742     -0.2774E-02     0.36     3.0 GLN      N        HN      
93        0.1699E-01  0.1714E-01  -3.935      0.8029E-02   1.009      0.8911     -0.3074E-02     0.38     3.0 ALA      N        HN      
94        0.1710E-01  0.1726E-01  -3.935      0.8081E-02   1.009      0.9010     -0.3271E-02     0.29     3.0 ASP      N        HN      
95        0.1693E-01  0.1708E-01  -3.935      0.8000E-02   1.009      0.8911     -0.3075E-02     0.29     3.0 ALA      N        HN      
96        0.1706E-01  0.1722E-01  -3.935      0.8062E-02   1.009      0.8967     -0.3182E-02     0.34     3.0 MET      N        HN      
97        0.1693E-01  0.1709E-01  -3.935      0.8002E-02   1.009      0.8880     -0.3016E-02     0.37     3.0 LYS      N        HN      
98        0.1688E-01  0.1704E-01  -3.935      0.7977E-02   1.009      0.8888     -0.3030E-02     0.28     3.0 GLU      N        HN      
99        0.1611E-01  0.1626E-01  -3.935      0.7613E-02   1.009      0.8409     -0.2281E-02     0.32     3.0 ALA      N        HN      
100       0.1467E-01  0.1480E-01  -3.935      0.6932E-02   1.009      0.7666     -0.1455E-02     0.15     1.6 GLY      N        HN      
101       0.1584E-01  0.1598E-01  -3.935      0.7484E-02   1.009      0.8333     -0.2182E-02     0.18     2.7 ILE      N        HN      
102       0.1390E-01  0.1403E-01  -3.935      0.6570E-02   1.009      0.7122     -0.9905E-03     0.29     3.0 ASN      N        HN      
103       0.1477E-01  0.1491E-01  -3.935      0.6982E-02   1.009      0.7565     -0.1363E-02     0.37     3.0 VAL      N        HN      
104       0.1588E-01  0.1602E-01  -3.935      0.7502E-02   1.009      0.8296     -0.2135E-02     0.28     3.0 ASP      N        HN      
105       0.1669E-01  0.1684E-01  -3.935      0.7888E-02   1.009      0.8863     -0.2985E-02     0.09     1.2 TYR      N        HN      
106       0.1668E-01  0.1683E-01  -3.935      0.7881E-02   1.009      0.8833     -0.2931E-02     0.12     2.0 VAL      N        HN      
107       0.1714E-01  0.1730E-01  -3.935      0.8101E-02   1.009      0.9081     -0.3424E-02     0.13     2.1 LEU      N        HN      
108       0.1684E-01  0.1700E-01  -3.935      0.7959E-02   1.009      0.8907     -0.3067E-02     0.15     2.1 GLU      N        HN      
109       0.1669E-01  0.1685E-01  -3.935      0.7888E-02   1.009      0.8807     -0.2884E-02     0.17     2.0 PHE      N        HN      
110       0.1636E-01  0.1650E-01  -3.935      0.7729E-02   1.009      0.8613     -0.2570E-02     0.16     1.9 ASP      N        HN      
111       0.1616E-01  0.1631E-01  -3.935      0.7639E-02   1.009      0.8431     -0.2310E-02     0.34     3.0 VAL      N        HN      
113       0.1658E-01  0.1673E-01  -3.935      0.7834E-02   1.009      0.8726     -0.2748E-02     0.24     2.7 ASP      N        HN      
114       0.1684E-01  0.1700E-01  -3.935      0.7960E-02   1.009      0.8818     -0.2904E-02     0.39     3.0 GLU      N        HN      
115       0.1645E-01  0.1660E-01  -3.935      0.7776E-02   1.009      0.8599     -0.2548E-02     0.35     3.0 LEU      N        HN      
116       0.1694E-01  0.1710E-01  -3.935      0.8006E-02   1.009      0.8875     -0.3007E-02     0.39     3.0 ILE      N        HN      
117       0.1717E-01  0.1733E-01  -3.935      0.8115E-02   1.009      0.8976     -0.3202E-02     0.49     3.0 VAL      N        HN      
118       0.1701E-01  0.1716E-01  -3.935      0.8037E-02   1.009      0.8921     -0.3093E-02     0.38     3.0 ASP      N        HN      
119       0.1689E-01  0.1704E-01  -3.935      0.7982E-02   1.009      0.8868     -0.2994E-02     0.34     3.0 ARG      N        HN      
120       0.1604E-01  0.1619E-01  -3.935      0.7582E-02   1.009      0.8318     -0.2163E-02     0.40     3.0 ILE      N        HN      
121       0.1674E-01  0.1689E-01  -3.935      0.7910E-02   1.009      0.8745     -0.2780E-02     0.40     3.0 VAL      N        HN      
122       0.1608E-01  0.1623E-01  -3.935      0.7599E-02   1.009      0.8308     -0.2150E-02     0.45     3.0 GLY      N        HN      
123       0.1576E-01  0.1591E-01  -3.935      0.7448E-02   1.009      0.8163     -0.1975E-02     0.37     3.0 ARG      N        HN      
124       0.1560E-01  0.1575E-01  -3.935      0.7373E-02   1.009      0.7854     -0.1640E-02     0.63     3.0 ARG      N        HN      
125       0.1499E-01  0.1513E-01  -3.935      0.7084E-02   1.009      0.7548     -0.1347E-02     0.53     3.0 VAL      N        HN      
126       0.1519E-01  0.1533E-01  -3.935      0.7177E-02   1.009      0.7545     -0.1345E-02     0.66     3.0 HSE      N        HN      
127       0.1479E-01  0.1493E-01  -3.935      0.6991E-02   1.009      0.7332     -0.1160E-02     0.61     3.0 ALA      N        HN      
129       0.1386E-01  0.1399E-01  -3.935      0.6550E-02   1.009      0.6813     -0.7584E-03     0.53     3.0 SER      N        HN      
130       0.1467E-01  0.1481E-01  -3.935      0.6933E-02   1.009      0.7273     -0.1111E-02     0.59     3.0 GLY      N        HN      
131       0.1517E-01  0.1531E-01  -3.935      0.7169E-02   1.009      0.7524     -0.1326E-02     0.67     3.0 ARG      N        HN      
132       0.1446E-01  0.1459E-01  -3.935      0.6832E-02   1.009      0.7249     -0.1092E-02     0.49     3.0 VAL      N        HN      
133       0.1543E-01  0.1557E-01  -3.935      0.7289E-02   1.009      0.7834     -0.1619E-02     0.52     3.0 TYR      N        HN      
134       0.1546E-01  0.1560E-01  -3.935      0.7305E-02   1.009      0.7951     -0.1739E-02     0.41     3.0 HSE      N        HN      
135       0.1528E-01  0.1542E-01  -3.935      0.7220E-02   1.009      0.7742     -0.1529E-02     0.52     3.0 VAL      N        HN      
136       0.1530E-01  0.1544E-01  -3.935      0.7229E-02   1.009      0.7820     -0.1604E-02     0.45     3.0 LYS      N        HN      
137       0.1256E-01  0.1268E-01  -3.935      0.5936E-02   1.009      0.6341     -0.4373E-03     0.28     3.0 PHE      N        HN      
138       0.1261E-01  0.1272E-01  -3.935      0.5957E-02   1.009      0.5008      0.3279E-03     1.02     3.0 ASN      N        HN      
141       0.1352E-01  0.1365E-01  -3.935      0.6391E-02   1.009      0.6881     -0.8076E-03     0.31     3.0 LYS      N        HN      
142       0.1399E-01  0.1412E-01  -3.935      0.6613E-02   1.009      0.7003     -0.8985E-03     0.45     3.0 VAL      N        HN      
143       0.1427E-01  0.1440E-01  -3.935      0.6741E-02   1.009      0.6844     -0.7805E-03     0.71     3.0 GLU      N        HN      
144       0.1394E-01  0.1406E-01  -3.935      0.6586E-02   1.009      0.6722     -0.6935E-03     0.64     3.0 GLY      N        HN      
145       0.1506E-01  0.1520E-01  -3.935      0.7118E-02   1.009      0.7619     -0.1412E-02     0.51     3.0 LYS      N        HN      
146       0.1546E-01  0.1560E-01  -3.935      0.7307E-02   1.009      0.7812     -0.1597E-02     0.58     3.0 ASP      N        HN      
147       0.1541E-01  0.1555E-01  -3.935      0.7284E-02   1.009      0.7715     -0.1503E-02     0.64     3.0 ASP      N        HN      
148       0.1476E-01  0.1489E-01  -3.935      0.6973E-02   1.009      0.7380     -0.1201E-02     0.54     3.0 VAL      N        HN      
149       0.1530E-01  0.1544E-01  -3.935      0.7232E-02   1.009      0.7567     -0.1365E-02     0.71     3.0 THR      N        HN      
150       0.1465E-01  0.1478E-01  -3.935      0.6923E-02   1.009      0.7442     -0.1254E-02     0.42     3.0 GLY      N        HN      
151       0.1309E-01  0.1321E-01  -3.935      0.6185E-02   1.009      0.6267     -0.3899E-03     0.56     3.0 GLU      N        HN      
152       0.1489E-01  0.1503E-01  -3.935      0.7038E-02   1.009      0.7537     -0.1337E-02     0.48     3.0 GLU      N        HN      
153       0.1451E-01  0.1464E-01  -3.935      0.6856E-02   1.009      0.7219     -0.1068E-02     0.54     3.0 LEU      N        HN      
154       0.1438E-01  0.1451E-01  -3.935      0.6794E-02   1.009      0.7187     -0.1042E-02     0.50     3.0 THR      N        HN      
155       0.1433E-01  0.1446E-01  -3.935      0.6772E-02   1.009      0.7176     -0.1033E-02     0.48     3.0 THR      N        HN      
156       0.1578E-01  0.1592E-01  -3.935      0.7455E-02   1.009      0.8048     -0.1844E-02     0.54     3.0 ARG      N        HN      
157       0.1557E-01  0.1571E-01  -3.935      0.7358E-02   1.009      0.7877     -0.1663E-02     0.58     3.0 LYS      N        HN      
158       0.1510E-01  0.1524E-01  -3.935      0.7136E-02   1.009      0.7593     -0.1388E-02     0.56     3.0 ASP      N        HN      
159       0.1617E-01  0.1632E-01  -3.935      0.7644E-02   1.009      0.8393     -0.2259E-02     0.41     3.0 ASP      N        HN      
160       0.1436E-01  0.1450E-01  -3.935      0.6788E-02   1.009      0.7422     -0.1236E-02     0.26     3.0 GLN      N        HN      
161       0.1629E-01  0.1644E-01  -3.935      0.7699E-02   1.009      0.8513     -0.2423E-02     0.33     3.0 GLU      N        HN      
162       0.1651E-01  0.1666E-01  -3.935      0.7801E-02   1.009      0.8645     -0.2619E-02     0.32     3.0 GLU      N        HN      
163       0.1652E-01  0.1667E-01  -3.935      0.7808E-02   1.009      0.8711     -0.2723E-02     0.20     2.5 THR      N        HN      
164       0.1704E-01  0.1719E-01  -3.935      0.8052E-02   1.009      0.8962     -0.3173E-02     0.32     3.0 VAL      N        HN      
165       0.1705E-01  0.1721E-01  -3.935      0.8057E-02   1.009      0.8921     -0.3094E-02     0.44     3.0 ARG      N        HN      
166       0.1699E-01  0.1714E-01  -3.935      0.8027E-02   1.009      0.8972     -0.3193E-02     0.20     2.0 LYS      N        HN      
167       0.1714E-01  0.1729E-01  -3.935      0.8098E-02   1.009      0.9064     -0.3388E-02     0.19     2.7 ARG      N        HN      
168       0.1712E-01  0.1728E-01  -3.935      0.8091E-02   1.009      0.8989     -0.3228E-02     0.38     3.0 LEU      N        HN      
169       0.1715E-01  0.1730E-01  -3.935      0.8102E-02   1.009      0.8999     -0.3249E-02     0.39     3.0 VAL      N        HN      
170       0.1724E-01  0.1740E-01  -3.935      0.8148E-02   1.009      0.9108     -0.3487E-02     0.25     2.9 GLU      N        HN      
171       0.1723E-01  0.1739E-01  -3.935      0.8143E-02   1.009      0.9083     -0.3430E-02     0.31     3.0 TYR      N        HN      
172       0.1722E-01  0.1738E-01  -3.935      0.8137E-02   1.009      0.9030     -0.3313E-02     0.43     3.0 HSP      N        HN      
173       0.1696E-01  0.1712E-01  -3.935      0.8015E-02   1.009      0.8750     -0.2787E-02     0.67     3.0 GLN      N        HN      
174       0.1671E-01  0.1686E-01  -3.935      0.7896E-02   1.009      0.8791     -0.2857E-02     0.26     3.0 MET      N        HN      
175       0.1632E-01  0.1647E-01  -3.935      0.7713E-02   1.009      0.8548     -0.2474E-02     0.30     3.0 THR      N        HN      
176       0.1663E-01  0.1678E-01  -3.935      0.7857E-02   1.009      0.8650     -0.2626E-02     0.45     3.0 ALA      N        HN      
178       0.1667E-01  0.1682E-01  -3.935      0.7876E-02   1.009      0.8778     -0.2834E-02     0.24     2.9 LEU      N        HN      
179       0.1712E-01  0.1728E-01  -3.935      0.8092E-02   1.009      0.8979     -0.3208E-02     0.41     3.0 ILE      N        HN      
180       0.1681E-01  0.1697E-01  -3.935      0.7946E-02   1.009      0.8880     -0.3016E-02     0.20     2.2 GLY      N        HN      
181       0.1705E-01  0.1721E-01  -3.935      0.8060E-02   1.009      0.9018     -0.3288E-02     0.20     2.4 TYR      N        HN      
182       0.1723E-01  0.1739E-01  -3.935      0.8141E-02   1.009      0.9131     -0.3539E-02     0.16     1.5 TYR      N        HN      
183       0.1715E-01  0.1731E-01  -3.935      0.8106E-02   1.009      0.9057     -0.3371E-02     0.24     2.2 SER      N        HN      
184       0.1707E-01  0.1722E-01  -3.935      0.8065E-02   1.009      0.9025     -0.3302E-02     0.18     1.9 LYS      N        HN      
185       0.1704E-01  0.1720E-01  -3.935      0.8053E-02   1.009      0.9029     -0.3312E-02     0.13     1.3 GLU      N        HN      
186       0.1716E-01  0.1732E-01  -3.935      0.8110E-02   1.009      0.9078     -0.3419E-02     0.20     3.0 ALA      N        HN      
187       0.1682E-01  0.1698E-01  -3.935      0.7950E-02   1.009      0.8914     -0.3080E-02     0.12     1.3 GLU      N        HN      
188       0.1642E-01  0.1657E-01  -3.935      0.7760E-02   1.009      0.8719     -0.2736E-02     0.09     1.3 ALA      N        HN      
189       0.1454E-01  0.1467E-01  -3.935      0.6871E-02   1.009      0.7684     -0.1472E-02     0.07     0.9 GLY      N        HN      
190       0.1594E-01  0.1609E-01  -3.935      0.7532E-02   1.009      0.8439     -0.2321E-02     0.07     0.8 ASN      N        HN      
